-48.0,-96.96
-47.99,-96.96
-47.98,-96.96
-47.98,-96.955
-47.98,-96.95
-47.97,-96.96
-47.96,-96.96
-47.96,-96.95
-47.96,-96.94
-48.0,-96.86
-47.99,-96.86
-47.98,-96.86
-47.97,-96.86
-47.96,-96.86
-47.95,-96.86
-48.0,-96.84
-48.0,-96.85
-47.99,-96.76
-48.0,-96.76
-48.0,-96.74
-47.99,-96.74
-47.98,-96.74
-47.98,-96.76
-47.96,-96.74
-47.95,-96.745
-47.95,-96.755
-47.96,-96.76
-47.98,-96.75
-47.97,-96.76
-47.97,-96.74
-47.99,-96.66
-48.0,-96.655
-48.0,-96.645
-47.99,-96.64
-47.98,-96.64
-47.98,-96.66
-47.96,-96.64
-47.95,-96.645
-47.95,-96.655
-47.96,-96.66
-47.98,-96.645
-47.97,-96.66
-47.98,-96.65
-48.0,-96.54
-48.0,-96.55
-47.99,-96.555
-47.98,-96.56
-47.96,-96.54
-47.96,-96.55
-47.97,-96.555
-47.997,-96.555
-47.963,-96.555
-47.977,-96.557
-47.983,-96.557
-48.0,-96.46
-47.99,-96.46
-47.98,-96.46
-47.98,-96.455
-47.98,-96.45
-47.97,-96.46
-47.96,-96.46
-47.96,-96.45
-47.96,-96.44
-47.99,-96.36
-48.0,-96.355
-48.0,-96.345
-47.99,-96.34
-47.98,-96.34
-47.98,-96.36
-47.96,-96.34
-47.95,-96.345
-47.95,-96.355
-47.96,-96.36
-47.97,-96.34
-47.97,-96.36
-47.99,-96.26
-48.0,-96.255
-48.0,-96.245
-47.99,-96.24
-47.98,-96.24
-47.98,-96.26
-47.96,-96.24
-47.95,-96.24
-47.95,-96.26
-47.96,-96.26
-47.97,-96.24
-47.97,-96.26
-48.0,-96.16
-47.99,-96.16
-47.98,-96.16
-47.97,-96.16
-47.96,-96.16
-47.95,-96.16
-48.0,-96.14
-47.99,-96.14
-47.98,-96.14
-47.97,-96.14
-47.96,-96.14
-47.95,-96.14
-47.97,-96.1534000000001
-47.975,-96.1500000000001
-47.98,-96.1467000000001
-47.96,-96.1567000000001
-47.99,-96.1434
-48.0,-96.0600000000001
-48.0,-96.0500000000001
-47.99,-96.04
-47.99,-96.0600000000001
-47.98,-96.0600000000001
-47.98,-96.04
-47.97,-96.0600000000001
-47.96,-96.0600000000001
-47.96,-96.0500000000001
-47.97,-96.04
-47.997,-96.0450000000001
-47.963,-96.0450000000001
-48.0,-95.9600000000001
-48.0,-95.9550000000001
-48.0,-95.9500000000001
-48.0,-95.9450000000001
-48.0,-95.9400000000001
-48.0,-95.8600000000001
-47.99,-95.8600000000001
-47.98,-95.8600000000001
-47.97,-95.8600000000001
-47.96,-95.8600000000001
-47.95,-95.8600000000001
-48.0,-95.8400000000001
-47.99,-95.8400000000001
-47.98,-95.8400000000001
-47.97,-95.8400000000001
-47.96,-95.8400000000001
-47.95,-95.8400000000001
-47.97,-95.8534000000001
-47.975,-95.8500000000001
-47.97,-95.8467000000001
-47.96,-95.8567000000001
-47.96,-95.8434000000001
-47.99,-95.7600000000001
-48.0,-95.7550000000001
-48.0,-95.7450000000001
-47.99,-95.7400000000001
-47.98,-95.7450000000001
-47.975,-95.7550000000001
-47.97,-95.7450000000001
-47.96,-95.7400000000001
-47.95,-95.7450000000001
-47.95,-95.7550000000001
-47.96,-95.7600000000001
-48.0,-95.6600000000001
-48.0,-95.6550000000001
-48.0,-95.6500000000001
-48.0,-95.6450000000001
-48.0,-95.6400000000001
-47.99,-95.5600000000001
-48.0,-95.5600000000001
-48.0,-95.5400000000001
-47.99,-95.5400000000001
-47.98,-95.5400000000001
-47.98,-95.5600000000001
-47.96,-95.5400000000001
-47.95,-95.5450000000001
-47.95,-95.5550000000001
-47.96,-95.5600000000001
-47.98,-95.5500000000001
-47.97,-95.5600000000001
-47.97,-95.5400000000001
-48.0,-95.4500000000001
-48.0,-95.4600000000001
-48.0,-95.4400000000001
-47.99,-95.4550000000001
-47.9825,-95.4500000000001
-47.975,-95.4450000000001
-47.968,-95.4400000000001
-47.963,-95.4400000000001
-47.955,-95.4470000000001
-47.955,-95.4530000000001
-47.965,-95.4600000000001
-47.99,-95.3600000000001
-48.0,-95.3550000000001
-48.0,-95.3450000000001
-47.99,-95.3400000000001
-47.98,-95.3400000000001
-47.98,-95.3600000000001
-47.96,-95.3400000000001
-47.95,-95.3450000000001
-47.95,-95.3550000000001
-47.96,-95.3600000000001
-47.97,-95.3400000000001
-47.97,-95.3600000000001
-48.0,-95.2600000000001
-48.0,-95.2500000000001
-48.0,-95.2400000000001
-47.99,-95.2600000000001
-47.98,-95.2600000000001
-47.98,-95.2550000000001
-47.98,-95.2500000000001
-47.97,-95.2600000000001
-47.96,-95.2600000000001
-47.96,-95.2500000000001
-47.96,-95.2400000000001
-48.0,-95.1500000000001
-48.0,-95.1600000000001
-48.0,-95.1400000000001
-47.99,-95.1500000000001
-47.98,-95.1500000000001
-47.97,-95.1500000000001
-47.96,-95.1500000000001
-47.95,-95.1500000000001
-47.96,-95.1600000000001
-47.99,-95.0570000000001
-48.0,-95.0600000000001
-47.975,-95.0500000000001
-47.968,-95.0450000000001
-47.96,-95.0400000000001
-47.95,-95.0400000000001
-47.95,-95.0500000000001
-47.95,-95.0600000000001
-47.982,-95.0550000000001
-47.99,-94.9570000000001
-48.0,-94.9600000000001
-47.975,-94.9500000000001
-47.968,-94.9450000000001
-47.96,-94.9400000000001
-47.95,-94.9400000000001
-47.95,-94.9500000000001
-47.95,-94.9600000000001
-47.982,-94.9550000000001
-48.0,-94.8600000000001
-47.99,-94.8600000000001
-47.98,-94.8600000000001
-47.98,-94.8550000000001
-47.98,-94.8500000000001
-47.97,-94.8600000000001
-47.96,-94.8600000000001
-47.96,-94.8500000000001
-47.96,-94.8400000000001
-48.0,-94.7600000000001
-48.0,-94.7500000000001
-47.99,-94.7450000000001
-47.98,-94.7400000000001
-47.96,-94.7600000000001
-47.96,-94.7500000000001
-47.97,-94.7450000000001
-47.997,-94.7450000000001
-47.963,-94.7450000000001
-47.977,-94.7430000000001
-47.983,-94.7430000000001
